Amount Burglaries
372
486
403
408
414
435
411
380
355
305
390
433
439
437
424
432
310
349
438
335
400
347
460
538
375
463
397
395
362
338
271
303
273
299
332
395
441
317
294
337
316
254
232
271
276
294
319
365
320
364
306
340
285
301
258
257
254
290
372
434
344
383
326
315
236
265
241
233
304
215
230
351
280
293
279
349
258
223
243
284
309
259
305
392
326
328
292
319
317
302
271
275
275
243
367
375
290
317
336
328
286
296
289
281
227
270
275
312
346
280
282
258
129
160
166
186
239
254
300
301
212
193
185
272
202
151
187
155
165
178
213
219
199
243
202
218
171
218
195
190
171
189
248
246
228
242
199
